$ 1 0.000005 11.086722712598126 50 5 43 5e-11
R 240 240 240 144 0 0 40 20 0 0 0.5
w 240 240 240 304 0
w 240 352 288 352 0
w 240 336 240 352 0
w 240 352 240 384 0
209 288 352 336 352 4 0.00021999999999999998 9.857052963227508 0.001 0 1
w 336 352 384 352 0
r 384 352 384 432 0 8
g 384 432 384 480 0 0
g 240 416 240 480 0 0
w 192 400 144 400 0
w 192 320 144 320 0
d 192 320 192 368 2 default
d 192 368 192 400 2 default
209 144 320 96 320 4 0.000022 6.911392246107663 0.001 0 1
209 144 400 96 400 4 0.000022 5.545858383964111 0.001 0 1
w 96 320 96 352 0
w 96 400 96 352 0
w 96 352 48 352 0
w 48 352 48 432 0
w 192 400 192 432 0
r 192 432 192 464 0 100
w 192 464 192 480 0
g 192 480 192 496 0 0
t 192 320 240 320 2 1 -10.452048709986485 0.6451094628103782 100 default
t 192 400 240 400 2 -1 8.182417427869963 -0.720424399333174 100 default
v 48 432 48 480 0 1 40 5 0 0 0.5
w 48 480 48 496 0
g 48 496 48 512 0 0
w 240 240 192 240 0
r 192 240 192 320 0 100
